17860330375867853005002188284206227063274692162056279544380829619897990129828
2325871404890232339923029079993239798216549749046954891202644713263932733613
16968781450035892338481635560252623145575723119426077200625331090468816252095
20421188423660180720968974684175789837260140110134484156697159569475081435896
14218585861964473034503608214110608266819465514871269373923681842412419768049
12831234861617144237607902533888060145013349604589819412236655411295463225950
18235416184253032447722447028813480417114981755486335064535937091479508169511
11569560126486093389035044932453627773307719995573947059897061004344625201945
467466543845255654305563401375049652091511154092503256679025593134038514456
18203764428934566089586209184728732357679951016852387860661319546760870175220
