2183349898093284830474625773890558139368982282770555604312112507452908301428
14025157759950156583332881193969847317527058540384884468328496871147537083498
19602729163948896841723536357323147780166822146586334124722228653500614088490
16269003513019639238840975328622566462028319678860673003856295517609118895197
6354701023208352987079934266140688951895659507285871019015301405083995301433
12038536935588756958397054625442011740050828951698069379560869629641267419513
5735539326345602315325254016546172313277308738734046261918110730951349855164
17586309252210399884411815348710588671098549804076397075263631252252140736033
15301990493522372291233176095915335561234794034454771408288526170827898217715
20636486813961910516479124878738231494899099131737271747432161125511593351268
